-75 -75 -75 -75 -75 -75 -75 -75 -75 -75 -75 -75 -75 -75 -75 -75 -75 -75 
-75 -75 -75 -75 -66 -64 -65 -41 -46 -50 -50 -51 -49 -41 -68 -75 -75 -75 
-75 -75 -75 -57 -60 -60 -63 -43 -44 -47 -48 -48 -46 -42 -66 -75 -62 -75 
-51 -54 -60 -55 -55 -58 -63 -46 -45 -46 -46 -47 -47 -45 -69 -67 -61 -75 
-57 -55 -55 -52 -52 -53 -59 -46 -44 -44 -45 -47 -47 -48 -75 -64 -71 -61 
-54 -51 -53 -51 -51 -50 -51 -44 -41 -41 -42 -45 -47 -48 -75 -53 -51 -53 
-63 -62 -56 -52 -50 -49 -46 -43 -38 -37 -40 -44 -47 -49 -52 -50 -50 -69 
-75 -75 -59 -54 -52 -50 -46 -39 -35 -35 -37 -43 -47 -50 -52 -52 -50 -75 
-75 -75 -75 -56 -55 -53 -49 -38 -35 -35 -35 -42 -47 -51 -53 -55 -52 -49 
-53 -57 -59 -63 -63 -56 -50 -39 -35 -35 -35 -43 -48 -51 -53 -54 -55 -57 
-52 -53 -57 -62 -58 -51 -45 -39 -35 -35 -37 -43 -47 -50 -53 -55 -55 -58 
-56 -57 -57 -56 -53 -49 -46 -40 -38 -37 -40 -44 -48 -50 -52 -53 -54 -75 
-57 -55 -56 -53 -52 -50 -48 -51 -43 -41 -44 -46 -49 -50 -52 -53 -53 -62 
-55 -53 -55 -54 -52 -50 -54 -47 -45 -50 -57 -48 -50 -51 -51 -52 -53 -57 
-52 -50 -53 -55 -51 -54 -58 -48 -47 -52 -54 -51 -50 -50 -51 -51 -52 -49 
-46 -48 -51 -52 -50 -75 -75 -46 -48 -54 -55 -51 -49 -52 -52 -53 -51 -48 
-75 -75 -75 -75 -75 -75 -75 -44 -50 -55 -50 -53 -49 -75 -49 -51 -48 -75 
-75 -75 -75 -75 -75 -75 -75 -43 -52 -57 -66 -58 -54 -75 -65 -51 -46 -75 
